$ANSIBLE_VAULT;1.1;AES256
36643464336639316633333438376462633137306636643534666231336466656561393063613631
3034306364356630383364653738346462613464393031650a623736323336363363373135346262
61386339623063643962376233323137336639306436383836336138653765363033626563626638
6434323535383539340a653063316632303365613166393266663639393532363530343165356538
33666131626535393565653531636634643431353764663432346661386530333038626632366266
61353937373537336664643062633539383139323866333135646435333833313435373136373561
32326561666437343036663339613363373266346236623839613031626538616239663666306236
38386165393937376364663936613962333135326239333762393130313861363962343932303366
37343064313038623462373835333138393531623966646235333335306662633035323561386338
31313034613539393566363131313434376630313865643335313761613339396464333063633431
34383532656663316339633438663432346539303863623639636635376430343731616364663536
33316234633535363230326130303864643033636532666162323562343862636435393961346535
39356535373732313434343530613036396663663264636530366263666337333934386630386465
38323134363261616232383936623162666263393061383533623732663737316633306630313838
37306338663863346162653762633539653339386466393363363435636439326130633732616566
66336461663633616561363066643264363238613234353530666533343462373336636532336566
33656664626131343330616535383930363933336566396434396431373438653362363832636333
63616330376632656461376662303037636133356362316165656439633434636565353265623637
38373331353766623738333933643138396338396465346263343231623362386535363039366336
30353130393235353362343566616639613262653533386631303761623562643237613364313866
3834
